2-fold
197 0.770908 string 0 (-50,50)
196 5.17382 (13.229,142.714,-614.448) 112.222 0.0057797
2-fold
1315 0.762654 string 0 (-150,-150)
1314 6.6563 (-199.932,-253.489,521.353) 114.905 0.0155157
2-fold
1322 0.748024 string 0 (150,-50)
1321 7.44249 (114.355,-61.6538,-598.263) 37.5021 0.0048954
2-fold
1389 0.770358 string 0 (-50,-250)
1388 6.21358 (71.6428,-270.034,-531.858) 123.281 0.0147817
2-fold
1423 0.777616 string 0 (50,250)
1422 7.28525 (36.816,275.104,584.917) 28.3552 0.00088388
2-fold
1568 0.629276 string 0 (250,-150)
1567 7.12875 (279.818,-138.012,-530.414) 32.1372 0.00278382
2-fold
1592 0.777525 string 0 (250,150)
1591 6.01563 (102.097,308.869,-474.342) 217.059 0.0228764
2-fold
1811 0.763193 string 0 (-250,-50)
1810 4.96197 (-298.408,-133.795,522.141) 96.7722 0.0168825
2-fold
1933 0.751621 string 0 (-150,-150)
1932 5.57874 (-150.333,-134.347,-583.844) 15.6565 0.00623614
2-fold
2121 0.743413 string 0 (-50,250)
2120 7.76076 (-154.474,535.776,-298.57) 304.274 0.0278989
2-fold
2137 0.761202 string 0 (150,-50)
2136 5.42479 (165.174,49.7116,611.777) 100.86 0.0246289
2-fold
2466 0.772444 string 0 (150,250)
2465 5.51855 (318.806,349.17,329.906) 195.781 0.0171666
2-fold
2554 0.764877 string 0 (-50,250)
2553 6.65901 (-89.4493,528.925,-296.564) 281.701 0.0453899
2-fold
2575 0.726909 string 0 (-50,250)
2574 6.97364 (-362.282,294.652,-407.072) 315.459 0.0524977
2-fold
2836 0.779028 string 0 (-150,-50)
2835 7.12444 (-237.675,-64.9866,-544.014) 88.9471 0.00565836
2-fold
3091 0.795583 string 0 (-50,-150)
3090 5.53796 (506.25,-271.43,-135.751) 569.35 0.130325
2-fold
3152 0.761028 string 0 (150,250)
3151 4.94631 (284.652,535.112,117.29) 315.309 0.0443151
2-fold
3164 0.781098 string 0 (150,-250)
3163 6.17233 (-47.4476,-575.18,-195.246) 380.43 0.04833
2-fold
3334 0.567838 string 0 (250,-50)
3333 7.26046 (306.376,21.6241,-526.294) 91.1497 0.0275025
2-fold
3423 0.766361 string 0 (-350,-50)
3422 6.64024 (-569.468,171.13,-69.8101) 311.552 0.141769
2-fold
3505 0.781806 string 0 (-250,150)
3504 7.73297 (-527.859,-56.3167,-297.69) 346.082 0.0580921
2-fold
3609 0.791419 string 0 (150,50)
3608 5.81735 (255.577,-82.7685,516.897) 169.629 0.0154191
2-fold
3640 0.690809 string 0 (-250,150)
3639 5.56543 (-565.032,0.781092,218.628) 348.585 0.13761
2-fold
3836 0.764114 string 0 (-50,150)
3835 5.85076 (-165.552,407.71,389.07) 282.43 0.0211005
2-fold
3949 0.781806 string 0 (-250,150)
3948 7.19871 (130.852,215.277,506.64) 386.405 0.0632766
2-fold
4309 0.756505 string 0 (50,250)
4308 5.56755 (83.0194,268.78,575.866) 37.9865 0.0113203
2-fold
4507 0.777687 string 0 (150,-150)
4506 5.72071 (139.842,-93.0044,-596.354) 57.8936 0.0100946
2-fold
4543 0.71147 string 0 (50,250)
4542 5.10617 (10.8488,259.287,571.854) 40.2375 0.00259856
2-fold
4766 0.774406 string 0 (150,-250)
4765 6.48649 (64.3931,-560.54,225.129) 322.124 0.0523266
2-fold
4812 0.771043 string 0 (250,150)
4811 4.95182 (183.187,318,-484.43) 180.798 0.0295085
2-fold
4830 0.759556 string 0 (250,150)
4829 5.87329 (420.325,282.162,-371.433) 215.587 0.0250865
2-fold
4866 0.751193 string 0 (250,-150)
4865 4.67958 (375.495,-226.894,-368.515) 147.179 0.0539079
2-fold
5061 0.764424 string 0 (50,-350)
5060 7.92438 (181.791,-547.213,31.9481) 237.196 0.0683957
2-fold
5077 0.640241 string 0 (-150,-250)
5076 7.4263 (-293.54,-387.28,-384.987) 198.619 0.0345822
2-fold
5094 0.765269 string 0 (-50,350)
5093 7.10155 (-111.641,431.811,-390.942) 102.434 0.0054351
2-fold
5161 0.757838 string 0 (350,50)
5160 8.06024 (339.28,-26.9544,504.6) 77.6976 0.00426718
2-fold
5499 0.758373 string 0 (150,250)
5498 6.95648 (467.205,395.151,94.4453) 348.838 0.0242782
2-fold
5589 0.781911 string 0 (-250,-50)
5588 6.58694 (-310.488,-92.544,482.629) 73.9516 0.0165449
2-fold
5800 0.768149 string 0 (-150,150)
5799 9.1714 (-441.227,182.746,-375.55) 293.062 0.0469589
2-fold
6441 0.779836 string 0 (-150,150)
6440 4.95136 (-383.132,159.254,451.644) 233.315 0.0277173
2-fold
6517 0.78162 string 0 (350,50)
6516 4.90707 (247.902,61.5283,-536.837) 102.747 0.0411205
2-fold
6637 0.768077 string 0 (50,-50)
6636 5.25906 (223.957,-235.69,-513.274) 254.444 0.0463774
2-fold
6946 0.761698 string 0 (-50,250)
6945 6.4852 (-250.47,338.018,458.911) 218.941 0.0399612
2-fold
6967 0.719531 string 0 (150,-250)
6966 7.90066 (62.7078,-604.854,-64.0137) 365.433 0.118662
2-fold
7003 0.742788 string 0 (-250,-50)
7002 6.7767 (-208.574,-85.5417,-545.597) 54.5834 0.0075713
2-fold
7255 0.62884 string 0 (150,-250)
7254 6.70767 (20.2916,-273.31,-549.312) 131.786 0.00783966
2-fold
7261 0.762897 string 0 (50,-350)
7260 7.98763 (-116.332,-354.473,-468.063) 166.392 0.029453
2-fold
7384 0.482025 string 0 (-50,350)
7383 5.184 (-104.891,433.077,-380.044) 99.5736 0.00811202
2-fold
7400 0.705297 string 0 (-50,-250)
7399 8.78514 (60.1853,-267.67,537.779) 111.593 0.0109841
2-fold
7407 0.795301 string 0 (150,150)
7406 6.23827 (152.7,234.954,533.009) 84.9966 0.0236955
2-fold
7482 0.750966 string 0 (150,-250)
7481 6.71525 (299.495,-196.221,-476.918) 158.874 0.0126104
2-fold
7514 0.769088 string 0 (-350,-50)
7513 5.61861 (-353.11,-325.016,-371.142) 275.033 0.0445703
2-fold
7677 0.767125 string 0 (-150,150)
7676 6.86634 (-31.6816,277.666,-559.949) 174.063 0.0128882
2-fold
7816 0.727306 string 0 (250,-150)
7815 7.98304 (285.091,-169.079,-492.764) 39.9425 0.00646044
2-fold
8182 0.787998 string 0 (-50,50)
8181 4.75506 (-21.441,147.291,555.523) 101.396 0.0143546
2-fold
8269 0.544309 string 0 (-50,250)
8268 8.14409 (-127.806,332.898,525.182) 113.692 0.010179
2-fold
8656 0.764162 string 0 (-50,350)
8655 7.025 (-113.185,552.682,-225.943) 212.302 0.0837892
2-fold
8732 0.748455 string 0 (-50,-50)
8731 4.6852 (100.054,-86.8904,-619.982) 154.522 0.00726512
2-fold
8798 0.775653 string 0 (50,250)
8797 6.23827 (421.22,-135.661,-463.362) 535.294 0.0463712
2-fold
9077 0.772159 string 0 (150,150)
9076 8.14322 (277.325,391.248,-405.567) 272.786 0.0247276
2-fold
9270 0.759776 string 0 (-150,-150)
9269 9.42753 (-360.005,-6.60155,-511.43) 254.294 0.0138164
2-fold
9599 0.747428 string 0 (350,50)
9598 5.61915 (539.063,85.3787,-277.678) 192.345 0.0529128
2-fold
9832 0.758106 string 0 (-350,-50)
9831 6.05447 (-447.622,-73.702,-376.025) 100.458 0.0215312
2-fold
9893 0.789724 string 0 (150,-150)
9892 11.0616 (225.658,-441.784,378.477) 301.433 0.0185487
2-fold
10454 0.695499 string 0 (150,-150)
10453 8.43799 (130.637,-265.472,-572.583) 117.084 0.0117565
2-fold
10459 0.768386 string 0 (350,50)
10458 7.00392 (394.266,47.4381,454.721) 44.34 0.00203568
2-fold
10713 0.767954 string 0 (150,150)
10712 5.91165 (340.967,192.033,-481.564) 195.538 0.0265314
2-fold
10716 0.82456 string 0 (-150,50)
10715 6.52482 (-159.289,381.783,-418.902) 331.913 0.0521976
2-fold
10807 0.797617 string 0 (350,50)
10806 4.89187 (400.106,-274.921,-288.858) 328.761 0.0509628
2-fold
10825 0.779376 string 0 (150,150)
10824 4.70776 (251.121,259.222,476.248) 148.845 0.00982168
2-fold
10912 0.762116 string 0 (250,150)
10911 5.65603 (314.213,153.342,-487.519) 64.2999 0.00388882
2-fold
10916 0.690487 string 0 (-250,-50)
10915 4.67268 (-291.547,-16.6313,-566.341) 53.2882 0.00452816
2-fold
11142 0.73606 string 0 (-50,50)
11141 6.76048 (-49.783,99.8792,-574.431) 49.8797 0.00611512
2-fold
11376 0.800039 string 0 (250,-50)
11375 6.37414 (262.721,-27.6492,-545.169) 25.7172 0.00856056
2-fold
11392 0.790713 string 0 (150,250)
11391 4.98243 (-115.285,431.088,411.391) 321.199 0.0363724
2-fold
11458 0.756436 string 0 (250,150)
11457 5.60236 (299.579,282.888,-463.472) 141.836 0.0239485
2-fold
11489 0.803463 string 0 (350,50)
11488 6.27796 (494.513,-137.226,284.739) 236.512 0.0245696
2-fold
11533 0.740967 string 0 (50,-350)
11532 5.13752 (-127.78,-428.046,406.203) 194.157 0.0116806
2-fold
11637 0.745856 string 0 (50,-350)
11636 7.08614 (20.1098,-530.281,273.99) 182.742 0.0177132
2-fold
11853 0.752384 string 0 (150,-250)
11852 7.25331 (177.622,-237.023,487.012) 30.519 0.0100076
2-fold
12107 0.769299 string 0 (-50,250)
12106 4.82734 (-195.012,381.224,448.025) 195.572 0.0085148
2-fold
12299 0.464897 string 0 (-150,-50)
12298 4.99415 (-168.976,-127.509,-581.681) 79.7984 0.00592764
2-fold
12575 0.748187 string 0 (350,50)
12574 7.31938 (527.311,37.7434,-300.984) 177.734 0.0179733
2-fold
12591 0.758711 string 0 (50,-350)
12590 6.21978 (121.155,-458.648,376.341) 129.875 0.0873361
2-fold
12632 0.734413 string 0 (-50,-250)
12631 6.06543 (-269.156,-431.275,-366.376) 284.412 0.0401463
2-fold
12669 0.733266 string 0 (-50,350)
12668 6.20857 (60.4225,219.193,544.62) 171.183 0.0114801
2-fold
12779 0.752496 string 0 (-350,-50)
12778 6.21978 (-471.175,-99.4449,419.017) 130.875 0.00940952
2-fold
12935 0.753606 string 0 (150,150)
12934 5.44718 (347.073,248.845,-457.862) 220.473 0.0195404
2-fold
13045 0.762789 string 0 (50,250)
13044 5.91049 (19.9362,301.886,-540.734) 59.9662 0.019891
2-fold
13109 0.786867 string 0 (-50,350)
13108 5.13704 (-405.094,435.658,122.92) 365.28 0.0620069
2-fold
13113 0.731492 string 0 (150,-50)
13112 6.02339 (126.811,-217.563,-524.153) 169.16 0.018589
2-fold
13178 0.796244 string 0 (50,250)
13177 6.34925 (-58.6151,325.3,494.693) 132.164 0.0216254
2-fold
10 0.467711 string 0 (-150,-50)
9 5.09627 (-236.055,-112.995,514.748) 106.648 0.00915328
2-fold
29 0.783996 string 0 (150,250)
28 8.34334 (347.263,313.915,-390.549) 207.359 0.0493901
2-fold
315 0.773337 string 0 (50,-50)
314 8.50479 (-38.8242,-1.8168,-617.703) 101.051 0.0155984
2-fold
515 0.792857 string 0 (-50,-150)
514 6.19054 (148.838,-558.375,-155.845) 454.21 0.0873631
2-fold
994 0.793922 string 0 (-50,350)
993 7.39577 (-422.205,452.238,53.2581) 385.991 0.0868054
2-fold
1050 0.759483 string 0 (150,-50)
1049 6.43754 (574.754,-177.737,141.697) 443.546 0.0415832
2-fold
1353 0.574861 string 0 (250,-50)
1352 6.40914 (283.979,-119.315,480.507) 77.1956 0.0179323
2-fold
1466 0.420148 string 0 (-150,-250)
1465 5.21492 (-236.335,-370.062,-408.181) 147.88 0.029157
2-fold
1680 0.738273 string 0 (-150,150)
1679 7.40242 (-59.8325,167.402,-577.955) 91.8315 0.0120725
2-fold
1861 0.754758 string 0 (-150,-50)
1860 7.12875 (-408.646,146.334,-452.56) 324.723 0.0286558
2-fold
1874 0.730837 string 0 (150,-50)
1873 4.65343 (524.939,14.9142,368.304) 380.517 0.101391
2-fold
1950 0.78977 string 0 (150,150)
1949 6.34645 (47.9089,269.99,-568.784) 157.544 0.00799778
2-fold
2115 0.750457 string 0 (-50,250)
2114 7.02622 (-20.5764,153.359,546.318) 101.021 0.0105744
2-fold
2585 0.70918 string 0 (-150,-150)
2584 7.44558 (-412.608,-435.66,-158.364) 388.026 0.0682653
2-fold
2740 0.734774 string 0 (-50,-250)
2739 5.73394 (-43.7717,-564.528,-258.425) 314.59 0.0498271
2-fold
2995 0.732122 string 0 (-150,50)
2994 8.36702 (-92.8842,61.9534,-606.387) 58.3533 0.00667544
2-fold
3116 0.798868 string 0 (-250,150)
3115 6.01941 (-631.366,-34.6652,-127.935) 423.723 0.0394439
2-fold
3221 0.669125 string 0 (350,50)
3220 5.71357 (335.265,195.209,-472.671) 145.955 0.0212643
2-fold
3414 0.740197 string 0 (-250,-50)
3413 5.2536 (-66.8794,-288.532,561.348) 300.717 0.0595661
2-fold
3801 0.80332 string 0 (-50,-250)
3800 6.48392 (-341.726,-380.2,-347.26) 319.463 0.116394
2-fold
4231 0.748064 string 0 (-50,250)
4230 10.9429 (-328.005,463.786,258.657) 350.701 0.113114
2-fold
4586 0.774406 string 0 (150,-250)
4585 4.51857 (275.166,-300.748,402.957) 135.063 0.0156243
2-fold
4674 0.735911 string 0 (250,-150)
4673 7.11334 (375.991,-176.898,452.866) 128.83 0.0247165
2-fold
4764 0.759507 string 0 (-50,-150)
4763 4.95228 (-102.966,-248.076,-585.194) 111.464 0.0119454
2-fold
4882 0.5199 string 0 (250,-50)
4881 5.10569 (177.267,-41.8429,-586.94) 73.1894 0.0157227
2-fold
4889 0.763762 string 0 (-50,-250)
4888 6.48585 (-208.097,-312.058,-489.918) 169.84 0.0154169
2-fold
4912 0.728882 string 0 (-350,-50)
4911 7.4263 (-403.209,-446.524,-84.8139) 400.078 0.104426
2-fold
4964 0.776823 string 0 (-50,150)
4963 6.73943 (-38.2783,114.401,-590.941) 37.4792 0.0039245
2-fold
5003 0.748562 string 0 (-150,-250)
5002 5.56702 (-251.089,-567.476,59.6824) 333.181 0.0842966
2-fold
5038 0.736581 string 0 (250,150)
5037 6.48585 (317.609,218.808,489.988) 96.4656 0.0305354
2-fold
5127 0.766475 string 0 (250,-150)
5126 7.11261 (377.774,-158.161,440.593) 128.035 0.0245634
2-fold
5240 0.759022 string 0 (-150,-50)
5239 5.87273 (-437.346,51.9606,-443.587) 304.9 0.0587166
2-fold
5254 0.763784 string 0 (350,50)
5253 8.05938 (290.88,208.098,-493.839) 168.79 0.0208625
2-fold
5541 0.738932 string 0 (-150,150)
5540 5.72071 (-217.705,290.262,-508.288) 155.748 0.0226736
2-fold
5575 0.762101 string 0 (150,50)
5574 5.9552 (-36.5143,262.943,513.008) 283.076 0.0844311
2-fold
5775 0.656765 string 0 (350,50)
5774 5.72071 (538.202,-245.824,109.52) 350.616 0.0617047
2-fold
5951 0.767283 string 0 (50,250)
5950 6.48713 (32.4448,469.183,381.445) 219.885 0.0688726
2-fold
5999 0.759022 string 0 (-150,-50)
5998 6.36541 (-338.026,449.539,-168.997) 533.754 0.0867814
2-fold
6222 0.775675 string 0 (350,50)
6221 5.56649 (541.487,-96.0093,-254.32) 240.803 0.0477494
2-fold
6257 0.764424 string 0 (50,-350)
6256 5.25906 (-299.874,-480.705,-267.418) 373.491 0.0974418
2-fold
6448 0.759502 string 0 (50,-350)
6447 7.90066 (106.181,-390.562,-446.556) 69.2931 0.00578196
2-fold
6518 0.771043 string 0 (250,150)
6517 5.10521 (139.184,496.18,314.755) 363.484 0.0697337
2-fold
6801 0.787059 string 0 (-250,150)
6800 5.25906 (-311.313,161.292,528.783) 62.3439 0.00899398
2-fold
7006 0.665296 string 0 (50,-50)
7005 5.25028 (140.393,-46.0067,-582.783) 90.4811 0.0195071
2-fold
7357 0.774046 string 0 (150,-50)
7356 4.99651 (127.855,0.662876,-601.548) 55.2912 0.0157112
2-fold
7518 0.621524 string 0 (150,-150)
7517 4.99651 (285.969,-55.319,524.598) 165.686 0.0153286
2-fold
7856 0.745161 string 0 (-50,-250)
7855 4.95535 (-21.5938,-288.898,525.14) 48.1663 0.00675428
2-fold
7915 0.771492 string 0 (-150,-250)
7914 6.23889 (-119.999,-269.61,-533.998) 35.8413 0.0132316
2-fold
8105 0.777944 string 0 (150,150)
8104 6.4075 (163.468,216.446,496.654) 67.7974 0.0106842
2-fold
8233 0.756267 string 0 (-350,-50)
8232 4.68563 (-299.939,87.1937,547.179) 146.042 0.0314759
2-fold
8331 0.757949 string 0 (250,-150)
8330 5.92902 (272.547,-296.002,487.892) 147.733 0.010459
2-fold
8815 0.775498 string 0 (-350,-50)
8814 8.40696 (-373.195,177.199,415.032) 228.38 0.0106039
2-fold
8912 0.760587 string 0 (150,150)
8911 6.20356 (199.362,429.756,-327.548) 284.077 0.140794
2-fold
9209 0.77621 string 0 (-50,250)
9208 5.15265 (-269.726,392.95,-421.568) 262.134 0.0128228
2-fold
9240 0.754298 string 0 (-50,250)
9239 4.52996 (-106.326,517.518,369.299) 273.384 0.0356559
2-fold
9495 0.760149 string 0 (-150,-50)
9494 7.18442 (-216.28,-105.843,-567.022) 86.6685 0.00907226
2-fold
9548 0.755331 string 0 (50,250)
9547 4.86403 (94.5273,328.349,-459.708) 90.1176 0.0134299
2-fold
9654 0.712653 string 0 (-50,250)
9653 5.08404 (-50.9118,214.809,-554.093) 35.2033 0.0130759
2-fold
9715 0.764515 string 0 (-250,150)
9714 5.61915 (-210.736,173.669,552.386) 45.8467 0.0404421
2-fold
9941 0.760524 string 0 (50,-350)
9940 6.39319 (9.91818,-458.147,-416.667) 115.336 0.00505624
2-fold
10138 0.641597 string 0 (-50,350)
10137 6.23023 (214.917,498.671,-223.478) 303.783 0.191302
2-fold
10257 0.789069 string 0 (150,-250)
10256 4.77306 (-33.7915,-275.692,524.018) 185.579 0.0313033
2-fold
10342 0.803312 string 0 (-50,350)
10341 5.01933 (10.1412,522.794,193.894) 182.961 0.0260438
2-fold
10448 0.752462 string 0 (-150,-50)
10447 6.84581 (-606.55,-43.5595,136.03) 456.596 0.104592
2-fold
10588 0.731439 string 0 (-50,350)
10587 4.51757 (-59.6035,568.432,204.422) 218.643 0.0931453
2-fold
11195 0.793763 string 0 (-150,-150)
11194 6.52892 (-186.762,-316.051,-513.443) 170.071 0.0144892
2-fold
11452 0.767728 string 0 (-50,-150)
11451 4.80269 (-102.409,-138.863,573.099) 53.5792 0.00389858
2-fold
11667 0.757255 string 0 (-50,250)
11666 6.68701 (-222.49,335.149,-475.441) 192.362 0.0143876
2-fold
11860 0.783223 string 0 (-50,-150)
11859 7.66954 (-68.8036,-188.427,-562.7) 42.7811 0.004997
2-fold
11882 0.762872 string 0 (-50,-250)
11881 9.4804 (-36.4806,-491.367,-337.402) 241.746 0.059685
2-fold
11975 0.760895 string 0 (-50,250)
11974 4.98243 (-44.5844,572.115,-237.71) 322.161 0.134713
2-fold
12037 0.774956 string 0 (-50,350)
12036 6.65373 (-138.003,450.866,-321.899) 133.86 0.00566498
2-fold
12370 0.763269 string 0 (-50,250)
12369 6.21978 (-226.85,279.018,-485.867) 179.215 0.0287966
2-fold
12672 0.600622 string 0 (-50,250)
12671 6.68632 (-118.749,334.462,498.149) 108.904 0.0205328
2-fold
12840 0.602625 string 0 (150,-250)
12839 6.21917 (379.397,-351.006,-382.163) 250.65 0.0121538
2-fold
13160 0.736259 string 0 (350,50)
13159 4.75858 (478.593,157.503,-309.317) 167.61 0.0422586
2-fold
13243 0.77348 string 0 (50,-50)
13242 5.29211 (-159.558,8.38971,-616.663) 217.541 0.041275
2-fold
13269 0.403988 string 0 (-50,-250)
13268 6.06483 (-85.0339,-244.53,-550.452) 35.4585 0.00252728
2-fold
36 0.772567 string 0 (-250,150)
35 4.97065 (-248.227,86.3052,-531.942) 63.7195 0.00647432
2-fold
377 0.781785 string 0 (-50,-250)
111 5.01199 (-37.1332,-487.912,253.842) 238.26 0.0606969
2-fold
535 0.766105 string 0 (250,150)
534 8.58552 (432.408,380.389,-154.389) 293.856 0.0444895
2-fold
730 0.771815 string 0 (250,150)
728 5.3432 (346.743,333.951,-373.043) 207.839 0.0419734
2-fold
1094 0.79845 string 0 (-50,150)
799 4.55838 (486.489,-356.48,80.7875) 737.796 0.0606479
2-fold
1119 0.713792 string 0 (-50,-150)
799 4.55838 (486.489,-356.48,80.7875) 574.852 0.010918
2-fold
1555 0.72818 string 0 (-150,50)
1326 6.43754 (197.492,467.262,351.918) 543.009 0.00786008
2-fold
1818 0.788851 string 0 (50,250)
1589 7.14632 (-200.146,156.209,-539.113) 267.151 0.0369194
2-fold
1861 0.777616 string 0 (50,250)
1589 7.14632 (-200.146,156.209,-539.113) 267.151 0.00037574
2-fold
2099 0.569779 string 0 (50,250)
1893 4.7973 (-555.529,-177.461,98.4475) 741.207 0.0553284
2-fold
2344 0.789478 string 0 (-350,-50)
2343 8.3974 (-497.229,-386.166,-136.491) 366.993 0.0338346
2-fold
2623 0.743228 string 0 (-150,150)
2422 4.71969 (-109.955,-410.574,364.352) 562.002 0.0324249
2-fold
2906 0.773414 string 0 (-150,-50)
2693 5.57235 (-310.629,184.711,477.816) 284.413 0.0051106
2-fold
2912 0.7874 string 0 (350,50)
2911 4.73269 (346.11,115.432,454.018) 65.5472 0.00161576
2-fold
3179 0.512008 string 0 (-250,-50)
3178 5.27201 (-349.851,122.135,481.46) 198.999 0.0540118
2-fold
3290 0.747731 string 0 (-150,-150)
3289 8.63097 (-407.993,-141.301,-382.031) 258.139 0.00079382
2-fold
3360 0.763745 string 0 (350,50)
3359 7.65822 (356.041,473.508,-26.5508) 423.551 0.0418778
2-fold
3437 0.745713 string 0 (250,-150)
3436 5.49036 (38.2244,-563.99,28.9777) 465.012 0.0032062
2-fold
3736 0.679923 string 0 (-150,50)
3569 6.55128 (-434.965,155.103,-335.518) 303.729 0.00568968
2-fold
3819 0.766171 string 0 (-50,-50)
3569 6.55128 (-434.965,155.103,-335.518) 436.194 0.0160869
2-fold
3845 0.677652 string 0 (-50,-250)
3569 6.55128 (-434.965,155.103,-335.518) 558.843 0.00788282
2-fold
3911 0.749754 string 0 (150,-50)
3569 6.55128 (-434.965,155.103,-335.518) 619.88 0.0205493
2-fold
4072 0.744041 string 0 (250,-50)
4071 8.94698 (326.706,53.2024,-476.158) 128.587 0.0189387
2-fold
4406 0.728813 string 0 (250,-150)
4405 7.25868 (338.232,-89.2716,-472.679) 107.111 0.0243922
2-fold
4511 0.773666 string 0 (-50,350)
4510 5.12836 (-544.565,220.468,-94.869) 511.246 0.0509265
2-fold
4567 0.759072 string 0 (50,-350)
4566 5.6348 (-254.501,-452.841,222.884) 321.399 0.0589424
2-fold
4569 0.792993 string 0 (150,-250)
4568 6.67276 (282.081,-299.771,372.56) 141.147 0.00829934
2-fold
4733 0.74921 string 0 (-150,-250)
4568 6.67276 (282.081,-299.771,372.56) 434.938 0.0229006
2-fold
4890 0.69847 string 0 (50,-50)
4889 4.95228 (65.9058,-98.2478,589.27) 50.8021 0.00394682
2-fold
5132 0.783736 string 0 (250,150)
5131 5.63419 (370.644,-108.621,-434.034) 285.376 0.0095496
2-fold
5317 0.745453 string 0 (150,150)
5316 4.88442 (544.389,90.2239,73.5255) 398.893 0.00954002
2-fold
5451 0.739527 string 0 (50,-50)
5316 4.88442 (544.389,90.2239,73.5255) 513.89 0.00043668
2-fold
5851 0.742526 string 0 (-50,-150)
5696 4.53035 (-370.62,395.102,-136.286) 632.403 0.0015816
2-fold
5946 0.773935 string 0 (150,250)
5945 5.40288 (102.338,210.289,-508.63) 62.0373 0.0169372
2-fold
6203 0.773842 string 0 (50,-150)
5998 4.95136 (-302.701,-489.721,-243.137) 489.702 0.0156835
2-fold
6220 0.772909 string 0 (50,250)
5998 4.95136 (-302.701,-489.721,-243.137) 819.503 0.00203906
2-fold
6360 0.742811 string 0 (150,250)
6359 4.7984 (461.673,336.931,226.829) 323.569 0.00340828
2-fold
7001 0.733528 string 0 (50,250)
7000 4.95274 (-36.903,494.506,353.989) 259.491 0.0172489
2-fold
7297 0.729064 string 0 (50,-150)
7296 7.36756 (340.621,-428.828,-118.968) 402.747 0.0424199
2-fold
7430 0.756977 string 0 (150,150)
7296 7.36756 (340.621,-428.828,-118.968) 609.408 0.00473788
2-fold
7455 0.415621 string 0 (50,-150)
7296 7.36756 (340.621,-428.828,-118.968) 402.747 0.00372818
2-fold
8195 0.750929 string 0 (-50,250)
8194 5.15216 (-276.157,516.899,176.631) 349.831 0.0729935
2-fold
8273 0.78642 string 0 (150,50)
8272 5.76831 (408.158,-402.441,-138.063) 520.911 0.0635688
2-fold
8497 0.752284 string 0 (-150,-150)
8302 6.27128 (-469.1,-188.082,306.512) 321.364 0.0121784
2-fold
8509 0.612572 string 0 (-50,50)
8302 6.27128 (-469.1,-188.082,306.512) 482.004 0.0252289
2-fold
8602 0.756267 string 0 (-350,-50)
8347 6.41718 (-507.226,6.86125,-220.245) 167.192 0.00994818
2-fold
9003 0.772159 string 0 (150,150)
8764 5.23078 (-302.749,463.118,67.9203) 550.477 0.0292939
2-fold
9083 0.781091 string 0 (-50,350)
8929 5.15216 (-537.423,275.449,-7.06346) 493.091 0.0311768
2-fold
9580 0.488757 string 0 (50,-150)
9394 4.99698 (149.902,457.567,360.139) 615.726 0.0267606
2-fold
9696 0.71804 string 0 (-250,150)
9695 4.8933 (-532.381,-38.5173,171.232) 339.526 0.0510574
2-fold
9737 0.76929 string 0 (150,50)
9736 5.62194 (376.224,445.712,-60.6008) 455.812 0.0725644
2-fold
9764 0.729396 string 0 (250,-50)
9763 5.16819 (424.905,-308.678,208.141) 312.26 0.00303398
2-fold
10111 0.766361 string 0 (-250,150)
9885 5.39202 (-62.0438,-342.16,-462.761) 526.83 0.0346539
2-fold
10557 0.749609 string 0 (150,250)
10556 5.66314 (252.799,291.664,-422.152) 110.921 0.0393059
2-fold
11356 0.741645 string 0 (-50,150)
11355 5.61861 (-7.83155,109.463,598.339) 58.4929 0.00368754
2-fold
11744 0.756693 string 0 (350,50)
11743 10.0696 (408.725,-66.9109,-376.468) 130.831 0.0455413
2-fold
12078 0.774657 string 0 (-150,150)
12077 11.0224 (-167.488,146.031,-551.93) 17.933 0.00635718
2-fold
91 0.672102 string 0 (-50,250)
90 5.15787 (179.818,223.864,-507.265) 231.3 0.0475363
2-fold
187 0.794222 string 0 (-150,-250)
186 4.56199 (-34.6213,-305.575,468.754) 128.066 0.014215
2-fold
369 0.779899 string 0 (-250,-50)
368 6.20441 (-549.755,16.496,-7.21802) 307.042 0.0139244
2-fold
377 0.581569 string 0 (150,50)
376 6.21815 (137.236,-501.189,229.62) 551.337 0.0860081
2-fold
646 0.792807 string 0 (150,-250)
423 6.66731 (-130.939,487.207,-222.028) 788.924 0.00111908
2-fold
833 0.757771 string 0 (50,-150)
832 5.79456 (138.94,-146.96,-529.624) 88.9921 0.0242441
2-fold
851 0.759206 string 0 (150,50)
850 4.94815 (46.0274,-97.2333,-584.103) 180.244 0.0347775
2-fold
1121 0.778888 string 0 (-150,150)
891 6.59576 (356.72,356.289,339.315) 547.101 0.0123031
2-fold
1176 0.776071 string 0 (-50,-250)
1005 6.59576 (360.217,452.817,-254.074) 813.775 0.0443494
2-fold
1349 0.788945 string 0 (250,150)
1348 4.72932 (249.798,166.881,-484.417) 16.8819 0.00215488
2-fold
1528 0.793868 string 0 (-50,250)
1348 4.72932 (249.798,166.881,-484.417) 311.107 0.100152
2-fold
1589 0.73411 string 0 (50,-350)
1348 4.72932 (249.798,166.881,-484.417) 554.152 0.0190542
2-fold
1728 0.731116 string 0 (-50,50)
1530 6.23472 (91.2444,534.325,255.184) 504.5 0.0342615
2-fold
2074 0.827594 string 0 (250,-50)
2073 4.71568 (372.735,-235.509,368.972) 222.435 0.0396334
2-fold
2732 0.79012 string 0 (-150,50)
2557 6.72129 (399.163,341.346,289.189) 621.662 0.0033089
2-fold
2889 0.723179 string 0 (250,-150)
2734 4.5654 (316.058,195.123,455.755) 351.388 0.0593743
2-fold
2901 0.78977 string 0 (150,150)
2734 4.5654 (316.058,195.123,455.755) 172.08 0.0528019
2-fold
2934 0.797155 string 0 (150,50)
2933 5.35587 (466.308,-232.539,245.838) 424.122 0.0341946
2-fold
3091 0.739798 string 0 (150,50)
3090 4.76909 (493.241,168.853,-216.856) 363.236 0.0158027
2-fold
3228 0.761121 string 0 (-150,50)
3227 5.34988 (-16.1881,135.445,-536.611) 158.765 0.0101514
2-fold
3299 0.73062 string 0 (-250,150)
3298 7.34528 (-292.134,310.884,352.847) 166.31 0.0114997
2-fold
3406 0.761762 string 0 (-50,-150)
3405 4.93809 (-92.8132,-372.679,-397.819) 226.757 0.0941039
2-fold
3551 0.772175 string 0 (-150,150)
3407 6.11546 (-595.624,-16.4063,6.72247) 475.681 0.07075
2-fold
3596 0.727315 string 0 (-50,250)
3595 5.48453 (-308.716,309.584,377.098) 265.488 0.0992794
2-fold
3916 0.761121 string 0 (-150,50)
3915 6.31474 (-254.189,33.8924,488.773) 105.426 0.0107104
2-fold
4045 0.757308 string 0 (150,-250)
4044 5.56543 (148.248,-190.298,550.723) 59.728 0.019629
2-fold
4141 0.763745 string 0 (350,50)
4140 4.64282 (541.285,234.119,190.624) 265.499 0.114946
2-fold
4154 0.754802 string 0 (-350,-50)
4153 6.23581 (-510.416,-205.491,-0.839558) 223.407 0.00183536
2-fold
4473 0.81291 string 0 (-50,350)
4472 4.66454 (-104.626,353.018,-412.549) 54.7094 0.0119979
2-fold
4594 0.762211 string 0 (-350,-50)
4593 5.48323 (-413.427,-130.265,-356.943) 102.301 0.0234337
2-fold
4774 0.638377 string 0 (-150,-50)
4635 4.6436 (-326.131,-290.532,-392.681) 298.124 0.0107137
2-fold
4776 0.762475 string 0 (150,50)
4635 4.6436 (-326.131,-290.532,-392.681) 585.375 0.0268885
2-fold
4787 0.769869 string 0 (-50,150)
4635 4.6436 (-326.131,-290.532,-392.681) 519.921 0.0036335
2-fold
4809 0.741293 string 0 (-50,350)
4635 4.6436 (-326.131,-290.532,-392.681) 697.517 0.00787464
2-fold
4845 0.704084 string 0 (-150,50)
4635 4.6436 (-326.131,-290.532,-392.681) 383.386 0.00718388
2-fold
5192 0.797039 string 0 (250,-150)
5191 6.27012 (361.53,-357.898,281.791) 235.925 0.0129775
2-fold
5723 0.75458 string 0 (50,-350)
5722 6.02643 (-233.899,-494.941,281.083) 318.758 0.00583084
2-fold
5868 0.809054 string 0 (-150,150)
5722 6.02643 (-233.899,-494.941,281.083) 650.375 0.00393772
2-fold
5951 0.676716 string 0 (50,-50)
5722 6.02643 (-233.899,-494.941,281.083) 527.798 0.0422465
2-fold
6119 0.789032 string 0 (50,-350)
6118 6.48649 (277.24,-457.099,-325.349) 251.214 0.0290171
2-fold
6939 0.751193 string 0 (250,-150)
6787 4.79751 (55.5519,611.231,-66.9628) 785.674 0.0149748
2-fold
6949 0.780503 string 0 (150,-250)
6787 4.79751 (55.5519,611.231,-66.9628) 866.395 0.104015
2-fold
6977 0.780491 string 0 (-50,250)
6787 4.79751 (55.5519,611.231,-66.9628) 376.337 0.00752924
2-fold
7222 0.756977 string 0 (150,150)
7221 5.06864 (94.5331,298.043,-473.826) 158.092 0.00957048
2-fold
7347 0.773935 string 0 (150,250)
7346 7.12579 (443.233,356.77,98.5239) 312.066 0.0239515
2-fold
7936 0.758069 string 0 (-50,250)
7935 6.12514 (-131.397,285.762,464.725) 88.9071 0.0124438
2-fold
7943 0.787604 string 0 (150,-250)
7942 6.39069 (295.433,-256.424,444.519) 145.575 0.0180767
2-fold
8091 0.768885 string 0 (-150,-150)
8090 4.68458 (-85.4859,-181.025,524.008) 71.5863 0.0207469
2-fold
8342 0.736221 string 0 (50,250)
8340 4.96874 (365.788,359.395,212.594) 334.199 0.0682947
2-fold
8463 0.525032 string 0 (150,-250)
8345 6.79257 (-395.193,-188.095,-375.623) 548.697 0.0355321
2-fold
8478 0.775653 string 0 (50,250)
8345 6.79257 (-395.193,-188.095,-375.623) 624.599 0.00638278
2-fold
8523 0.784482 string 0 (-250,150)
8345 6.79257 (-395.193,-188.095,-375.623) 367.953 0.0125958
2-fold
8858 0.684971 string 0 (150,-150)
8614 8.71644 (-482.584,-23.4855,282.165) 645.111 0.0542896
2-fold
8960 0.753303 string 0 (-50,-150)
8959 4.64354 (-62.126,-167.715,-521.255) 21.4679 0.0174955
2-fold
9168 0.771843 string 0 (-250,-50)
9167 4.5273 (-424.006,-96.1387,-355.172) 180.019 0.0162083
2-fold
9605 0.782905 string 0 (250,-50)
9396 7.58006 (-583.27,54.0599,60.2777) 839.742 0.0145526
2-fold
9633 0.679888 string 0 (50,250)
9396 7.58006 (-583.27,54.0599,60.2777) 662.89 0.00250212
2-fold
10092 0.749016 string 0 (150,150)
9928 4.58774 (-194.77,-369.081,401.746) 623.146 0.00652176
2-fold
10384 0.458485 string 0 (-50,250)
10383 4.73883 (-510.475,59.1546,-241.854) 498.457 0.0757504
2-fold
10570 0.674017 string 0 (-50,-150)
10569 7.02573 (-369.097,-120.766,460.781) 320.433 0.00037508
2-fold
10741 0.779269 string 0 (50,-50)
10572 5.77409 (74.4974,441.135,433.471) 491.746 0.00814946
2-fold
10827 0.716661 string 0 (-50,-250)
10826 8.62573 (64.7705,-498.636,-380.361) 273.847 0.0156711
2-fold
10861 0.792644 string 0 (-50,250)
10860 7.22872 (-419.872,235.631,-298.454) 370.151 8.05e-05
2-fold
11309 0.733308 string 0 (350,50)
11308 5.98053 (301.67,314.663,-365.088) 269.04 0.0251308
2-fold
11458 0.646753 string 0 (-150,-250)
11457 4.6865 (-72.2985,-240.872,-585.894) 78.2358 0.00360792
2-fold
11520 0.733609 string 0 (-50,250)
11519 5.02801 (-8.81641,242.003,-507.481) 41.9529 0.0117316
2-fold
11885 0.785925 string 0 (350,50)
11884 4.82779 (555.029,67.225,218.119) 205.751 0.0151517
2-fold
210 0.766382 string 0 (50,250)
29 6.06659 (401.928,278.829,259.445) 353.107 0.0223701
2-fold
328 0.756233 string 0 (-50,250)
124 6.26564 (343.501,-66.3599,-523.712) 504.902 0.0335638
2-fold
360 0.753145 string 0 (-50,-50)
124 6.26564 (343.501,-66.3599,-523.712) 393.841 0.00907162
2-fold
374 0.749764 string 0 (-250,150)
124 6.26564 (343.501,-66.3599,-523.712) 631.708 0.0358628
2-fold
706 0.766884 string 0 (150,250)
705 8.52791 (-0.835901,267.788,-578.616) 151.881 0.00824984
2-fold
856 0.777438 string 0 (-50,150)
705 8.52791 (-0.835901,267.788,-578.616) 127.636 0.0053642
2-fold
925 0.627411 string 0 (150,50)
705 8.52791 (-0.835901,267.788,-578.616) 264.921 0.0117789
2-fold
1223 0.765883 string 0 (-150,-250)
1041 6.43754 (592.982,140.252,-15.7657) 839.237 0.0291619
2-fold
1621 0.754587 string 0 (-50,350)
1620 6.20443 (-355.253,176.388,393.723) 351.171 0.0179609
2-fold
2032 0.736077 string 0 (-50,-250)
1766 6.34645 (544.544,-130.263,217.016) 606.482 0.00274574
2-fold
2330 0.702927 string 0 (250,-50)
2329 5.11624 (453.287,-405.57,-162.881) 409.58 0.0572638
2-fold
2347 0.770205 string 0 (50,-350)
2346 6.03936 (-434.096,-441.475,88.8428) 492.663 0.00589786
2-fold
2395 0.782407 string 0 (-50,50)
2394 5.88891 (-191.894,-117.914,-533.36) 219.838 0.00677366
2-fold
2968 0.810836 string 0 (150,-250)
2758 5.42686 (-468.024,-384.19,-95.1638) 632.424 0.0563769
2-fold
2978 0.458177 string 0 (50,-50)
2977 5.59555 (101.209,-329.665,486.71) 284.314 0.028897
2-fold
4020 0.777771 string 0 (-50,-50)
4019 5.54056 (-91.3177,-173.183,-564.772) 129.928 0.0254463
2-fold
4033 0.734774 string 0 (-50,-250)
4032 4.51249 (-26.9916,-277.805,490.934) 36.0903 0.00069984
2-fold
4290 0.725571 string 0 (-50,-50)
4289 5.71851 (-52.3064,-98.1625,622.466) 48.2177 0.0176482
2-fold
4955 0.770128 string 0 (-50,-250)
4954 4.66653 (-105.939,-252.764,494.953) 56.0072 0.00017344
2-fold
5522 0.775817 string 0 (-150,-50)
5521 5.81903 (-145.141,33.3326,559.391) 83.4741 0.0136944
2-fold
5893 0.76462 string 0 (-150,-50)
5663 5.10296 (546.39,51.4501,222.582) 703.741 0.013023
2-fold
6011 0.793577 string 0 (-50,350)
6010 5.10521 (-98.1016,408.708,-442.548) 75.8972 0.0153446
2-fold
6162 0.797215 string 0 (-150,-150)
6161 5.10042 (-211.803,-174.984,530.872) 66.6616 0.0060992
2-fold
6418 0.756287 string 0 (250,-150)
6417 8.37861 (455.752,83.7566,-394.213) 311.41 0.0542537
2-fold
6843 0.756115 string 0 (150,-250)
6842 7.90578 (113.048,-387.667,-442.414) 142.54 0.0558403
2-fold
7188 0.758373 string 0 (150,250)
7187 10.5764 (146.997,253.459,-505.01) 4.58061 0.0048976
2-fold
7400 0.770219 string 0 (-150,-50)
7187 10.5764 (146.997,253.459,-505.01) 424.611 0.0020529
2-fold
7455 0.757348 string 0 (250,-50)
7454 6.07352 (553.198,-3.98877,-112.196) 306.669 0.0177804
2-fold
7690 0.740655 string 0 (-150,50)
7477 7.90066 (523.588,-236.12,238.143) 731.837 0.0190115
2-fold
8146 0.764601 string 0 (-50,-150)
7911 8.53887 (-162.577,437.278,-325.627) 597.97 0.00593068
2-fold
8501 0.773935 string 0 (50,-150)
8500 5.34973 (151.153,-157.885,-527.65) 101.46 0.0150489
2-fold
9023 0.752284 string 0 (-150,-150)
8785 5.41455 (307.015,-140.302,-478.172) 457.118 0.0036376
2-fold
9051 0.797839 string 0 (150,50)
8785 5.41455 (307.015,-140.302,-478.172) 246.716 0.00905022
2-fold
9581 0.749482 string 0 (-250,-50)
9580 4.90542 (-206.441,-64.8567,-543.486) 46.0225 0.0004166
2-fold
9739 0.660111 string 0 (-350,-50)
9738 6.72551 (-363.381,-44.8803,-459.104) 14.3271 0.001818
2-fold
9835 0.748417 string 0 (150,-150)
9834 7.66146 (187.636,-268.767,-553.003) 124.588 0.00172978
2-fold
9975 0.733424 string 0 (50,-350)
9974 5.75893 (32.2002,-375.866,-439.168) 31.3986 0.00420964
2-fold
10017 0.764162 string 0 (-50,350)
10016 7.68104 (345.213,289.73,-350.212) 399.783 0.07894
2-fold
10206 0.754802 string 0 (150,150)
10205 8.85743 (154.869,79.7329,-555.683) 70.4356 0.021886
2-fold
10448 0.79213 string 0 (150,50)
10250 7.3146 (425.797,-177.211,302.756) 357.336 0.00309666
2-fold
10558 0.708857 string 0 (-150,150)
10557 6.08948 (166.852,142.731,546.871) 316.936 0.00177678
2-fold
10720 0.767296 string 0 (50,-350)
10719 6.01173 (-9.28441,-394.37,-417.412) 74.0494 0.00351484
2-fold
10722 0.465056 string 0 (-50,-150)
10721 6.25222 (380.382,-46.6096,-412.094) 442.626 0.12574
2-fold
11043 0.74674 string 0 (50,-150)
11042 5.72793 (-5.36341,-487.734,274.299) 342.242 0.0662741
2-fold
11255 0.804944 string 0 (150,150)
11254 4.72342 (231.497,131.19,496.439) 83.6398 0.0122149
2-fold
11417 0.720194 string 0 (-350,-50)
11416 4.52955 (-609.625,-217.75,45.9605) 309.104 0.0604323
2-fold
11631 0.76794 string 0 (-50,150)
11416 4.52955 (-609.625,-217.75,45.9605) 669.642 0.0170294
2-fold
11678 0.727991 string 0 (150,250)
11416 4.52955 (-609.625,-217.75,45.9605) 892.087 0.0030918
2-fold
11941 0.759352 string 0 (150,250)
11940 4.66069 (-248.016,516.943,144.897) 479.245 0.0810143
2-fold
12198 0.748156 string 0 (-250,-50)
12197 5.1185 (-193.872,-150.08,493.767) 114.744 0.00250238
2-fold
228 0.771551 string 0 (-150,-250)
12 6.26564 (-508.037,348.661,-174.862) 697.557 0.0261887
2-fold
321 0.76817 string 0 (-150,-150)
320 5.24195 (-286.496,-102.681,506.355) 144.465 0.0268543
2-fold
589 0.770908 string 0 (-50,50)
588 5.74898 (-81.4432,153.825,-558.141) 108.482 0.0229076
2-fold
810 0.783115 string 0 (-50,250)
588 5.74898 (-81.4432,153.825,-558.141) 101.184 0.0170765
2-fold
817 0.750849 string 0 (50,-350)
588 5.74898 (-81.4432,153.825,-558.141) 520.689 0.0640758
2-fold
1036 0.766866 string 0 (-250,150)
877 4.7045 (-116.257,157.249,-530.229) 133.939 0.060463
2-fold
1443 0.451143 string 0 (-50,350)
1442 4.72095 (7.62064,288.856,-486.999) 84.0162 0.00988534
2-fold
2099 0.770267 string 0 (-50,-150)
1923 5.13584 (307.361,-382.916,284.223) 426.564 0.0172278
2-fold
2359 0.732255 string 0 (-150,-250)
2115 8.48043 (80.8126,254.412,-504.445) 554.713 0.00498614
2-fold
3030 0.772175 string 0 (-150,150)
2703 5.42686 (116.937,606.823,-167.752) 529.096 0.00709752
2-fold
3096 0.781098 string 0 (150,-250)
3095 7.0681 (27.815,-512.032,-240.863) 289.12 0.0519587
2-fold
3525 0.737464 string 0 (-350,-50)
3278 4.70485 (-167.076,366.499,409.515) 454.898 0.00425358
2-fold
3756 0.750488 string 0 (-50,-150)
3545 5.86649 (290.305,386.748,-391.493) 635.536 0.00763822
2-fold
3890 0.799228 string 0 (350,50)
3889 4.92426 (450.062,-129.442,-303.801) 205.455 0.0220117
2-fold
4097 0.74038 string 0 (50,-150)
3889 4.92426 (450.062,-129.442,-303.801) 400.59 0.0125344
2-fold
4105 0.748387 string 0 (-50,150)
3889 4.92426 (450.062,-129.442,-303.801) 572.844 0.0403022
2-fold
4127 0.777468 string 0 (-150,-250)
3889 4.92426 (450.062,-129.442,-303.801) 612.053 0.0451935
2-fold
4383 0.686401 string 0 (150,150)
4382 5.73698 (41.2764,-28.4171,-560.519) 208.934 0.0603332
2-fold
4474 0.768059 string 0 (-50,350)
4473 8.21898 (-122.094,339.649,-481.255) 72.8336 0.0217684
2-fold
4677 0.640255 string 0 (-150,50)
4676 8.15433 (-257.945,-420.286,-265.269) 482.515 0.100032
2-fold
4704 0.467102 string 0 (-350,-50)
4703 6.02702 (-318.651,-10.6212,-556.773) 50.3331 0.00564164
2-fold
4996 0.762754 string 0 (-250,-50)
4995 5.10617 (-458.935,-308.466,-252.214) 332.353 0.0444358
2-fold
5144 0.750639 string 0 (-350,-50)
5143 5.87386 (-564.437,-160.337,-137.789) 241.159 0.00051202
2-fold
5250 0.74811 string 0 (-350,-50)
5249 7.44593 (-553.806,-148.291,-9.77676) 226.27 0.145192
2-fold
5651 0.498312 string 0 (-50,150)
5650 7.79611 (-24.1747,345.742,-477.288) 197.438 0.0237402
2-fold
5866 0.769503 string 0 (-150,-150)
5865 6.81757 (-76.7218,-229.538,535.423) 108.148 0.0135389
2-fold
6150 0.478913 string 0 (150,-150)
5914 5.88818 (-231.733,18.6101,-505.397) 417.312 0.0334552
2-fold
6414 0.773494 string 0 (150,50)
6200 6.4852 (-263.915,-331.482,-432.176) 562.898 0.0101403
2-fold
6417 0.792975 string 0 (-350,-50)
6200 6.4852 (-263.915,-331.482,-432.176) 294.351 0.0623683
2-fold
6689 0.780503 string 0 (150,-250)
6519 8.69585 (-84.6712,371.785,487.513) 664.596 0.00857074
2-fold
7013 0.729493 string 0 (-50,-250)
7012 5.63277 (-239.067,-491.051,173.248) 306.353 0.0370789
2-fold
7159 0.775675 string 0 (350,50)
7158 7.48968 (549.656,28.4946,142.298) 200.811 0.0394235
2-fold
7234 0.760929 string 0 (-350,-50)
7233 7.76311 (-384.771,70.6004,-391.473) 125.513 0.00556864
2-fold
7755 0.750947 string 0 (50,-50)
7573 6.33605 (-342.247,-449.903,34.9038) 560.16 0.0106183
2-fold
7844 0.779188 string 0 (50,-350)
7843 5.24115 (222.562,-394.778,312.222) 178.277 0.017985
2-fold
7933 0.800325 string 0 (-50,50)
7932 4.86015 (-73.4754,99.5243,570.672) 54.8065 0.0163804
2-fold
8071 0.762779 string 0 (-250,150)
8070 7.501 (-500.333,353.158,181.616) 322.397 0.00558332
2-fold
8530 0.802109 string 0 (-50,-250)
8529 9.1756 (58.3469,-389.909,385.712) 176.957 0.00066542
2-fold
8697 0.765721 string 0 (150,-150)
8696 5.92702 (262.048,-315.485,-430.632) 199.85 0.0222653
2-fold
8769 0.764601 string 0 (-50,-150)
8768 7.215 (-172.667,-220.902,-480.359) 141.684 0.00869756
2-fold
9177 0.74816 string 0 (50,-350)
9016 5.00257 (-290.829,411.269,-286.517) 834.083 0.0642421
2-fold
9192 0.440189 string 0 (-250,150)
9016 5.00257 (-290.829,411.269,-286.517) 264.44 0.0526189
2-fold
9230 0.734458 string 0 (50,-50)
9229 6.75442 (-177.506,288.716,436.309) 408.029 0.0233442
2-fold
9268 0.808215 string 0 (250,150)
9266 6.87018 (297.627,246.034,-436.119) 107.195 0.0046681
2-fold
9845 0.741216 string 0 (-150,-150)
9844 6.22975 (36.0684,-512.399,-295.989) 407.375 0.0551772
2-fold
10001 0.504596 string 0 (-50,350)
10000 5.64239 (19.8991,451.712,-329.527) 123.415 0.0398486
2-fold
10329 0.751618 string 0 (50,-50)
10184 5.98003 (-225.724,-89.0749,-515.817) 278.479 0.012846
2-fold
10785 0.74882 string 0 (-50,250)
10784 8.58817 (-185.64,218.328,-488.663) 139.289 0.00154044
2-fold
11270 0.792003 string 0 (150,50)
11268 6.30084 (-16.8467,424,-411.277) 409.528 0.107552
2-fold
11558 0.756404 string 0 (-50,-150)
11353 4.62133 (377.895,56.6126,-457.28) 475.166 0.00332216
2-fold
11969 0.765413 string 0 (50,-350)
11968 6.48116 (43.5325,-496.837,280.25) 146.979 0.0184932
2-fold
12215 0.76881 string 0 (-150,150)
12214 6.10565 (-476.304,164.863,317.489) 326.642 0.058682
